750 
880 
922 
4 
401 402 
91 93 
62 
11 
13 
14 
45 
168 169 
825 828 
500 
790 
103 
660 661 
422 424 
35 
645 
232 
477 
452 454 
896 
994 
126 128 
832 833 
303 
688 
48 
964 
591 
56 
412 
15 18 
1 
189 
770 773 
532 
357 
78 
286 
40 44 
123 124 
682 
633 634 
92 
24 
439 
539 
969 
873 876 
701 703 
316 
767 
112 
963 
7 
187 
122 
125 
76 79 
132 
287 
129 130 
139 
140 
914 
305 
145 
656 
183 185 
805 806 
159 
141 
509 
167 
464 465 
206 207 
411 
154 
246 248 
572 573 
21 
203 
523 524 
9 
418 419 
192 
292 
621 
678 
319 
329 
202 
347 
893 
277 
254 
718 
211 
354 
652 
733 
308 
315 
398 399 
393 
225 
865 
729 
230 
416 
888 
966 
453 
171 172 
241 
245 
148 
936 
481 482 
860 
312 
917 
727 
830 
267 
351 
326 
320 
882 883 
844 
263 264 
278 
938 
650 
732 
283 
284 
657 659 
771 
857 858 
501 503 
584 
684 685 
723 
907 
208 
853 856 
850 
161 162 
310 318 
620 622 
394 395 
925 
258 
973 974 
623 
397 
950 
317 
166 
504 
743 
325 
99 101 
586 587 
19 
332 
506 
334 
932 934 
435 
81 
463 
615 617 
815 
483 
843 
60 
233 
455 458 
358 
360 
361 
33 
473 
768 
337 338 
913 
374 
349 
94 95 
871 872 
720 721 
38 
851 
697 698 
3 
446 
842 
442 
420 
451 
406 
474 475 
531 
16 
74 
568 571 
497 
147 150 
429 
430 
34 
433 
797 798 
761 
110 
423 
441 
342 
499 
895 
734 
665 666 
889 
951 
742 
49 51 
265 
823 
972 
749 750 
472 
86 88 
559 
479 
831 
671 
788 789 
486 
170 
379 
142 
890 
249 250 
592 
902 903 
502 
73 
22 
181 
802 
575 
176 
200 204 
716 717 
516 
270 271 
877 
260 
799 
618 619 
722 
515 
941 943 
59 61 
178 
440 
404 
546 
111 
550 
375 376 
681 683 
339 341 
556 
17 
564 566 
996 999 
261 
565 
854 
569 
434 437 
574 
201 
174 
577 578 
548 552 
457 
256 257 
156 157 
343 344 
228 
942 
602 
296 
605 
537 542 
931 
611 
800 801 
538 
447 449 
311 
164 
626 
131 133 
372 373 
135 
976 
642 
533 
604 
870 
29 
646 
177 
648 
302 
955 
219 
255 
403 405 
971 
755 
663 
23 
647 
782 783 
554 
240 
456 
512 513 
289 290 
448 
691 
389 
690 
359 363 
820 
184 
321 322 
702 
496 498 
239 
707 
557 
822 
713 
384 385 
719 
279 
545 547 
869 
725 
27 30 
450 
415 417 
180 182 
924 
762 763 
776 
736 
517 518 
120 
741 
695 696 
655 
879 881 
285 288 
606 
151 152 
519 
759 760 
756 
508 
210 
362 
90 
704 
738 
751 752 
990 991 
775 
919 920 
819 
679 
396 
780 
276 
39 
786 
777 
692 
724 
887 
520 
867 
102 104 
992 
807 
945 946 
672 
549 
489 
293 
400 
377 
149 
282 
826 
364 
251 
109 
480 
222 
954 
811 
352 
726 731 
845 
983 
899 
649 
555 
944 
100 
849 
863 
898 901 
294 
785 
212 
333 
505 
63 
874 
274 
530 
878 
462 
382 383 
134 137 
46 47 
740 744 
993 995 
41 
816 817 
10 12 
521 522 
748 
905 
601 603 
299 
908 
370 
309 
644 
476 478 
84 85 
975 
705 709 
675 676 
381 
848 
933 
89 
616 
75 
252 253 
900 
852 
948 
191 195 
194 
614 
291 295 
640 
426 427 
83 
50 
235 
840 841 
654 
197 
313 
956 957 
468 
978 
54 55 
986 
987 
836 
214 215 
864 
997 
998 
0 2 
43 
106 
275 
105 108 
947 949 
138 143 
593 
328 
68 69 
739 
540 
926 
57 58 
787 
273 280 
561 
118 119 
708 
793 794 
80 82 
774 781 
962 
324 327 
209 
680 
272 
87 
795 796 
803 
116 117 
886 
746 
514 
765 769 
985 988 
792 
809 
144 146 
64 65 
597 
923 
323 
356 
937 940 
163 165 
560 
710 711 
173 175 
818 824 
466 469 
188 190 
641 
764 
213 
576 
813 814 
36 37 
693 
226 227 
231 234 
387 
238 242 
113 
186 
460 
754 
71 72 
861 862 
637 643 
904 909 
784 
229 
667 
217 
635 636 
297 304 
425 
491 
694 
421 
330 331 
335 336 
281 
107 
638 
662 664 
348 
977 979 
365 366 
543 544 
629 
639 
136 
673 674 
259 262 
390 392 
353 355 
96 97 
5 
218 221 
631 632 
409 410 
413 414 
959 
236 237 
306 307 
628 630 
428 432 
821 
369 
952 953 
436 
196 
247 
459 461 
766 
198 199 
470 471 
431 
298 
216 
407 408 
490 492 
827 
42 
300 
528 529 
66 67 
730 
935 
526 
525 527 
728 
980 981 
747 
485 
921 
595 598 
553 558 
562 563 
494 495 
391 
438 443 
859 
579 580 
581 582 
583 585 
28 
589 590 
669 
791 
158 160 
812 
609 612 
507 
778 
243 244 
624 625 
220 
551 
493 
588 
205 
345 350 
77 
6 8 
912 915 
846 847 
668 670 
804 
153 155 
753 758 
906 
712 
594 
613 
699 700 
596 
567 
536 
714 715 
839 
31 32 
687 
735 737 
706 
121 
52 53 
939 
745 
98 
70 
378 
346 
193 
570 
127 
20 26 
314 
541 
179 
808 810 
484 487 
223 224 
875 
488 
301 
834 835 
837 838 
607 608 
268 
677 
510 511 
467 
25 
855 
599 600 
114 115 
686 689 
884 885 
891 892 
894 897 
368 371 
386 388 
982 984 
910 911 
651 653 
927 928 
779 
916 918 
929 930 
534 535 
989 
610 
380 
970 
829 
757 
958 960 
961 965 
967 968 
658 
866 868 
367 
266 269 
627 
772 
444 445 
340 
