80000
1
28
3
387
4
5
652
7
286
9
585 383
11
511 177
13
606
14
388 522
16
36 314
17
517 991
19
298
21
203
22
775
23
960 500
24
125
25
602
29
90 169
33
38
34
577 307
35
358
39
674 635
41
433
42
276
43
14 15
45
725 61
48
688
50
195 543
56
87
60
197
62
576
63
505
70
49 550
73
743
74
100
75
616
77
752 40
78
442
81
450
83
860
89
300
90
314
92
327 401
98
858 680
103
770 664
106
644
107
567
109
820
110
928 801
111
423
112
529 72
113
394 524
120
638
121
201
122
855 474
127
861 253
132
176
135
208
136
873 490
139
716 653
140
217 46
141
994
142
202 615
145
768
148
245
149
532
154
483
159
370
164
735 427
166
296
167
799
170
746
174
704
177
912 691
178
279
179
134 301
181
730 988
184
755
186
294
187
781 147
189
724
192
384 513
193
85 162
194
467
196
838 436
202
468
205
131 289
209
215 661
210
406
211
287
212
581 207
213
409 160
216
183 95
217
0 22
219
278
220
745
222
514
225
393
228
281
229
275 123
230
497
232
247
233
509 382
235
519
239
273 26
240
361 825
241
329
251
596
254
277
255
471 173
258
688 637
260
767
261
472
265
516
267
457
268
435
272
943 841
274
301
275
984 987
282
683 860
283
256 889
284
614 630
292
648
293
400
299
268 995
302
367
303
27 29
305
343 413
308
381
309
536
311
746 236
312
803
313
337 402
315
332
316
736
317
352
319
797 238
320
913
323
923
325
118 79
326
348
328
671
333
430
334
356
340
778
342
352 438
346
93 763
347
893
349
82 149
351
357
354
197 32
360
473
361
129 277
362
364
369
66 94
374
182 480
377
425
378
896 695
379
389
380
530
391
908
396
10 78
397
623
404
546
411
963 503
412
584
416
665 414
420
454 817
421
555 199
429
550
431
712
436
973 915
439
785 156
440
719
441
259 894
446
924
448
533
451
140 339
453
213 619
456
262 112
460
654
462
707
463
727
477
559
479
761
480
604
485
921
486
318 200
488
64 728
489
397 617
491
42 51
493
551
499
723
500
647
502
830
504
728
506
392 150
507
740 430
508
539
509
557
515
569
520
867
526
939
531
71 108
538
570
540
549
541
942
554
560
555
561
556
341 152
565
732
574
807
575
802
588
347 415
591
964
592
107 249
593
840 466
594
74 114
597
18 179
605
226 744
610
800 668
611
741
613
4 8
614
627 625
621
656
626
629
627
723 58
639
706
640
832 676
641
992
642
263 116
645
983
646
903 583
649
982 507
650
264 924
655
776 144
658
525 866
663
856 478
667
682
669
865
672
155 372
677
345 820
678
747
679
819
680
685 881
687
692
690
729
691
771
693
836
694
722
702
888
708
886
713
153 306
718
88 39
725
907
730
733
734
852
738
786
739
487 885
742
951
748
906
754
926
756
146 344
757
405 539
764
449 803
766
784
772
779
776
880
777
812
780
458 366
785
204 101
787
330 812
790
839
791
850
792
831
804
721 220
809
757 444
811
898 612
815
355 447
821
589 422
822
843
823
844
826
795 229
827
475 375
829
878
842
922
845
520 52
848
657 726
849
851
854
751 434
855
130 542
859
874
863
887
864
997
869
977 719
870
970
875
80 759
877
469 171
889
231 568
890
899
895
847 243
896
494 887
900
962
905
601 463
914
959
917
976
925
211 104
931
971
933
68 91
935
938
936
814 246
944
557 53
948
986
950
408 157
954
972
955
645 55
963
833 407
966
24 20
969
386 335
975
709 936
978
947 862
987
967 878
989
553 191
998
270 939
97 187
320 143
242 119
12 733
287 126
457 363
137 329
464 830
468 163
864 484
521 188
288 34
223 739
796 233
837 250
421 686
282 31
67 299
293 44
105 310
324 349
133 547
331 370
481 378
451 359
533 876
461 371
660 765
399 541
900 697
410 620
518 853
670 418
534 99
424 714
527 993
755 437
908 662
846 442
990 998
459 813
452 594
929 496
138 558
512 972
544 618
304 563
368 572
580 376
598 455
607 482
711 951
537 611
641 633
643 701
789 285
649 703
926 699
673 808
715 956
705 932
845 443
30 748
115 772
794 297
835 937
321 805
571 891
871 562
6 999
570 882
979 970
911 675
870 953
707 916
920 760
872 958

